748
349 405
453 679
150 669
913 91
31 793
139 679
609 999
109 765
521 858
918 816
643 302
796 558
47 483
750 91
509 318
862 997
98 797
803 576
437 495
830 705
584 381
15 255
738 269
806 98
870 693
824 230
667 950
674 229
265 925
459 991
376 724
386 24
921 852
601 743
448 503
905 448
631 637
748 776
837 434
782 814
215 325
184 449
785 933
558 654
726 525
325 211
388 140
556 523
696 900
157 509
827 630
397 290
162 174
876 171
186 497
300 531
235 420
438 660
973 595
15 105
877 264
523 904
778 747
145 923
186 462
913 294
943 956
239 685
394 78
170 518
61 622
906 64
743 335
752 323
553 838
526 62
794 993
231 675
989 7
69 692
787 368
363 871
611 831
956 438
797 210
755 958
561 228
809 140
180 532
610 616
931 241
690 104
262 703
427 886
442 979
876 62
517 913
966 961
121 855
350 870
626 394
463 225
134 435
604 380
972 401
291 192
730 748
998 165
551 518
495 656
581 68
915 286
697 174
17 945
218 759
122 756
958 990
562 785
183 569
110 587
1 750
596 459
2 692
192 741
280 268
306 863
319 541
225 416
282 255
515 561
893 129
119 919
646 128
260 185
721 24
94 866
803 267
536 453
968 949
666 629
663 86
420 649
571 43
629 966
850 827
53 881
250 247
379 759
392 129
27 819
728 862
274 332
664 196
678 241
295 111
783 789
854 435
407 414
176 879
714 238
200 176
112 787
886 605
703 781
385 482
788 157
608 222
540 582
562 557
431 900
358 381
47 793
339 698
801 840
507 833
531 707
289 102
905 390
758 791
990 521
57 219
138 895
31 675
667 40
21 7
35 926
54 242
116 391
850 685
551 522
634 453
173 235
318 949
231 582
879 254
417 405
211 309
673 321
577 490
81 639
666 918
999 245
96 329
564 41
711 102
495 504
92 795
840 46
991 45
353 153
90 23
517 931
891 779
709 542
558 984
339 949
540 776
743 336
463 16
407 95
682 538
870 254
518 267
614 285
814 664
612 756
361 773
841 510
414 926
932 358
170 37
139 881
921 577
459 426
800 201
218 288
25 131
955 990
651 457
577 364
18 194
577 350
742 757
38 779
333 512
421 308
461 914
373 733
921 753
855 746
821 195
765 880
923 130
145 601
765 212
820 487
288 37
597 738
576 957
669 175
375 333
720 914
994 264
808 727
393 234
297 150
526 247
382 368
761 857
783 474
389 714
616 912
268 86
681 265
52 189
134 936
819 978
8 226
567 28
301 842
504 856
524 822
16 266
517 794
737 340
709 621
60 430
734 737
47 638
628 712
106 530
173 246
643 830
322 502
762 546
87 59
610 356
34 634
537 997
982 871
396 727
164 193
97 251
253 638
287 342
890 802
861 733
745 721
936 182
217 560
324 822
813 888
96 1000
909 778
867 258
804 832
565 943
402 277
549 568
338 785
662 839
798 920
686 931
832 330
139 604
838 746
539 953
949 442
960 841
834 341
474 516
219 613
477 542
299 458
569 231
212 614
786 865
277 223
269 835
987 161
990 347
59 891
953 660
185 547
896 170
492 735
712 513
815 736
740 197
886 963
503 503
930 530
336 993
720 273
475 330
712 847
795 81
563 47
604 449
35 30
300 176
316 989
855 506
975 684
141 139
213 284
119 81
503 885
348 856
591 132
954 269
948 316
901 10
890 223
415 585
230 42
924 783
392 646
776 671
729 401
897 777
610 843
116 548
364 768
532 166
122 545
760 193
419 293
402 989
281 572
818 644
219 625
77 753
354 725
87 497
221 190
879 893
708 93
485 862
163 789
833 238
1 544
702 203
763 954
188 579
656 116
748 699
750 417
322 135
3 124
103 685
224 540
120 927
867 868
862 400
972 598
987 55
66 950
144 569
313 446
831 933
500 894
531 214
31 253
434 519
233 547
285 682
975 459
258 706
975 994
368 904
944 155
546 494
15 865
874 893
603 541
450 504
129 320
674 475
969 924
875 20
708 428
215 802
418 46
493 875
144 175
908 355
247 749
752 325
731 588
481 756
456 612
5 880
452 950
677 89
493 779
990 110
689 621
886 471
33 505
323 501
843 798
372 265
333 275
614 533
928 273
865 874
581 976
370 173
477 682
769 218
966 572
901 820
771 155
562 143
483 813
178 853
637 139
228 797
784 721
158 652
601 316
542 256
527 119
31 197
955 481
67 98
794 669
241 165
710 693
443 865
269 415
424 685
364 714
335 850
478 77
413 878
886 642
19 292
616 704
987 938
921 94
863 565
733 638
438 895
203 693
72 16
453 90
8 902
343 231
384 765
936 469
747 214
572 689
773 643
569 112
256 801
78 41
90 990
247 963
19 303
611 875
246 806
679 435
655 826
4 213
568 19
862 653
23 8
301 866
631 201
877 183
683 12
504 36
948 396
851 673
908 839
870 912
106 49
158 656
798 7
585 562
531 478
173 238
668 914
804 23
908 572
246 723
3 70
550 421
618 974
349 636
844 477
682 152
140 966
123 316
469 305
653 873
953 793
514 354
450 183
939 606
395 653
535 211
493 38
351 108
159 768
847 625
643 335
726 201
693 440
623 586
803 861
750 204
882 928
167 326
888 558
308 440
900 176
456 99
332 445
218 958
473 448
527 150
69 840
29 766
44 293
382 160
746 533
952 49
192 435
303 265
668 663
354 293
608 87
133 133
625 239
521 281
11 56
227 577
117 611
888 9
876 566
213 594
526 926
812 685
451 406
609 807
842 42
215 40
559 584
85 87
712 421
131 335
342 91
736 741
286 380
329 255
800 616
913 47
144 306
238 847
919 896
586 402
940 665
869 638
393 314
866 551
949 869
336 651
610 217
84 713
882 944
546 200
226 643
306 452
86 998
778 400
147 581
316 423
30 435
557 896
486 976
467 472
549 641
383 981
11 164
635 575
740 72
860 944
281 216
866 89
827 426
451 173
856 468
759 126
689 406
360 665
320 975
819 116
119 427
362 302
249 706
707 693
215 127
59 339
665 371
859 39
148 302
662 25
211 24
522 981
29 374
701 852
948 407
780 854
130 437
919 885
883 375
403 78
806 818
358 27
160 236
757 763
626 283
34 189
347 862
211 270
826 934
536 812
854 842
207 438
96 367
117 945
454 889
864 663
582 943
0 289
869 962
185 609
840 458
827 653
723 70
457 56
603 836
178 411
538 898
615 268
740 149
731 471
123 634
951 98
997 677
739 437
725 278
111 100
912 167
3 66
179 721
645 486
467 89
921 763
858 664
731 205
465 950
764 434
889 413
427 434
81 832
578 89
638 902
378 384
922 916
882 630
743 404
852 644
177 341
732 828
821 97
875 218
362 1
382 452
302 475
193 792
337 515
233 80
510 450
299 462
3
maxOrdersInPath 20
iterations 100000
temperatureMagic 1000
pathLengthMargin 4
